# TX scaling LUT from median I/Q peak (tone amplitude = 1)
# source run: results/custom_u5000__amp_fixed__c64
# IFFT_scale = effective shift incl. hard-wired 1/2 (register = IFFT_scale - 1)
# PSB_scale  = 2**IFFT_scale / median_peak
#    N  median_peak IFFT_scale  PSB_scale
     1     1.000000          1   2.000000
     2     1.999999          1   1.000000
     3     2.999838          2   1.333405
     4     3.997394          2   1.000652
     5     4.984779          3   1.604885
     6     5.950294          3   1.344471
     7     6.879561          3   1.162865
     8     7.766728          3   1.030035
     9     8.602510          4   1.859922
    10     9.388530          4   1.704207
    11    10.122289          4   1.580670
    12    10.813932          4   1.479573
    13    11.456279          4   1.396614
    14    12.069511          4   1.325654
    15    12.635905          4   1.266233
    16    13.175762          4   1.214351
    17    13.701000          4   1.167798
    18    14.195928          4   1.127084
    19    14.684342          4   1.089596
    20    15.155425          4   1.055728
    21    15.616179          4   1.024578
    22    16.037409          5   1.995335
    23    16.473438          5   1.942521
    24    16.872232          5   1.896607
    25    17.291159          5   1.850657
    26    17.683600          5   1.809586
    27    18.077803          5   1.770127
    28    18.432248          5   1.736088
    29    18.820459          5   1.700277
    30    19.155609          5   1.670529
    31    19.516371          5   1.639649
    32    19.877033          5   1.609898
    33    20.226534          5   1.582080
    34    20.581914          5   1.554763
    35    20.875245          5   1.532916
    36    21.222478          5   1.507835
    37    21.558841          5   1.484310
    38    21.851925          5   1.464402
    39    22.169161          5   1.443447
    40    22.493003          5   1.422665
    41    22.733981          5   1.407585
    42    23.075683          5   1.386741
    43    23.360378          5   1.369841
    44    23.637363          5   1.353789
    45    23.934861          5   1.336962
    46    24.250072          5   1.319584
    47    24.536404          5   1.304185
    48    24.806519          5   1.289984
    49    25.073824          5   1.276231
    50    25.348043          5   1.262425
    51    25.608509          5   1.249585
    52    25.888004          5   1.236094
    53    26.165125          5   1.223002
    54    26.396360          5   1.212288
    55    26.649869          5   1.200756
    56    26.920652          5   1.188678
    57    27.162559          5   1.178092
    58    27.410939          5   1.167417
    59    27.687088          5   1.155773
    60    27.919804          5   1.146140
    61    28.130621          5   1.137550
    62    28.442896          5   1.125061
    63    28.690682          5   1.115345
    64    28.881382          5   1.107980
    65    29.110288          5   1.099268
    66    29.362545          5   1.089824
    67    29.575060          5   1.081993
    68    29.791233          5   1.074142
    69    30.007443          5   1.066402
    70    30.243627          5   1.058074
    71    30.503462          5   1.049061
    72    30.742345          5   1.040910
    73    30.969286          5   1.033282
    74    31.127483          5   1.028030
    75    31.395020          5   1.019270
    76    31.590588          5   1.012960
    77    31.823011          5   1.005562
    78    32.055925          6   1.996511
    79    32.257591          6   1.984029
    80    32.474756          6   1.970762
    81    32.674240          6   1.958730
    82    32.885536          6   1.946144
    83    33.063534          6   1.935667
    84    33.290651          6   1.922462
    85    33.486820          6   1.911200
    86    33.704823          6   1.898838
    87    33.939205          6   1.885725
    88    34.101744          6   1.876737
    89    34.314800          6   1.865084
    90    34.513187          6   1.854364
    91    34.691540          6   1.844830
    92    34.875343          6   1.835107
    93    35.088762          6   1.823946
    94    35.265261          6   1.814817
    95    35.481491          6   1.803757
    96    35.693573          6   1.793040
    97    35.866491          6   1.784395
    98    36.066780          6   1.774486
    99    36.255491          6   1.765250
   100    36.415888          6   1.757475
   101    36.670605          6   1.745267
   102    36.783178          6   1.739926
   103    36.983030          6   1.730523
   104    37.187405          6   1.721013
   105    37.381937          6   1.712057
   106    37.591232          6   1.702525
   107    37.734415          6   1.696064
   108    37.902561          6   1.688540
   109    38.108049          6   1.679435
   110    38.263908          6   1.672594
   111    38.459745          6   1.664078
   112    38.615091          6   1.657383
   113    38.822496          6   1.648529
   114    38.980072          6   1.641865
   115    39.177351          6   1.633597
   116    39.358145          6   1.626093
   117    39.487560          6   1.620764
   118    39.698957          6   1.612133
   119    39.873421          6   1.605079
   120    40.015675          6   1.599373
   121    40.168640          6   1.593283
   122    40.430946          6   1.582946
   123    40.582329          6   1.577041
   124    40.714825          6   1.571909
   125    40.863428          6   1.566193
   126    41.077084          6   1.558046
   127    41.234949          6   1.552081
   128    41.404213          6   1.545736
   129    41.540468          6   1.540666
   130    41.677528          6   1.535600
   131    41.809679          6   1.530746
   132    42.036491          6   1.522487
   133    42.189552          6   1.516963
   134    42.353687          6   1.511084
   135    42.458019          6   1.507371
   136    42.683174          6   1.499420
   137    42.829899          6   1.494283
   138    42.977320          6   1.489158
   139    43.126038          6   1.484022
   140    43.339338          6   1.476718
   141    43.506443          6   1.471046
   142    43.623430          6   1.467102
   143    43.804098          6   1.461051
   144    43.931450          6   1.456815
   145    44.092979          6   1.451478
   146    44.232979          6   1.446884
   147    44.429665          6   1.440479
   148    44.530102          6   1.437230
   149    44.736038          6   1.430614
   150    44.830925          6   1.427586
   151    45.019405          6   1.421609
   152    45.265013          6   1.413896
   153    45.349552          6   1.411260
   154    45.461847          6   1.407774
   155    45.671841          6   1.401301
   156    45.777981          6   1.398052
   157    45.842651          6   1.396080
   158    46.099880          6   1.388290
   159    46.171150          6   1.386147
   160    46.394283          6   1.379480
   161    46.480211          6   1.376930
   162    46.670181          6   1.371325
   163    46.759747          6   1.368699
   164    46.968758          6   1.362608
   165    47.072790          6   1.359596
   166    47.257421          6   1.354285
   167    47.409323          6   1.349945
   168    47.523291          6   1.346708
   169    47.719427          6   1.341173
   170    47.771557          6   1.339709
   171    47.976011          6   1.334000
   172    48.131069          6   1.329702
   173    48.257893          6   1.326208
   174    48.446457          6   1.321046
   175    48.529678          6   1.318781
   176    48.655949          6   1.315358
   177    48.796629          6   1.311566
   178    48.954590          6   1.307334
   179    49.095222          6   1.303589
   180    49.211975          6   1.300496
   181    49.378708          6   1.296105
   182    49.488001          6   1.293243
   183    49.632496          6   1.289478
   184    49.808874          6   1.284912
   185    49.970531          6   1.280755
   186    50.120949          6   1.276911
   187    50.260096          6   1.273376
   188    50.386433          6   1.270183
   189    50.412014          6   1.269539
   190    50.537943          6   1.266375
   191    50.739082          6   1.261355
   192    50.866764          6   1.258189
   193    51.012289          6   1.254600
   194    51.122147          6   1.251904
   195    51.262867          6   1.248467
   196    51.439177          6   1.244188
   197    51.527134          6   1.242064
   198    51.745304          6   1.236827
   199    51.829193          6   1.234825
   200    51.947849          6   1.232005
   201    52.068125          6   1.229159
   202    52.208195          6   1.225861
   203    52.304274          6   1.223609
   204    52.456261          6   1.220064
   205    52.611177          6   1.216472
   206    52.753719          6   1.213185
   207    52.879148          6   1.210307
   208    52.970882          6   1.208211
   209    53.103180          6   1.205201
   210    53.287174          6   1.201039
   211    53.390945          6   1.198705
   212    53.479416          6   1.196722
   213    53.585693          6   1.194349
   214    53.754047          6   1.190608
   215    53.886564          6   1.187680
   216    53.987604          6   1.185457
   217    54.153521          6   1.181825
   218    54.330299          6   1.177980
   219    54.387362          6   1.176744
   220    54.555244          6   1.173123
   221    54.642721          6   1.171245
   222    54.763359          6   1.168665
   223    54.923521          6   1.165257
   224    55.020906          6   1.163194
   225    55.148504          6   1.160503
   226    55.294888          6   1.157431
   227    55.417534          6   1.154869
   228    55.525925          6   1.152615
   229    55.646683          6   1.150113
   230    55.796463          6   1.147026
   231    55.879045          6   1.145331
   232    56.046938          6   1.141900
   233    56.187929          6   1.139035
   234    56.212633          6   1.138534
   235    56.327148          6   1.136219
   236    56.440809          6   1.133931
   237    56.717514          6   1.128399
   238    56.764273          6   1.127470
   239    56.837950          6   1.126008
   240    56.968491          6   1.123428
   241    57.092262          6   1.120993
   242    57.222733          6   1.118437
   243    57.291536          6   1.117093
   244    57.450691          6   1.113999
   245    57.620598          6   1.110714
   246    57.694426          6   1.109293
   247    57.774046          6   1.107764
   248    58.001318          6   1.103423
   249    58.124496          6   1.101085
   250    58.179003          6   1.100053
   251    58.253361          6   1.098649
   252    58.351707          6   1.096797
   253    58.556412          6   1.092963
   254    58.645161          6   1.091309
   255    58.765314          6   1.089078
   256    58.857141          6   1.087379
   257    59.012886          6   1.084509
   258    59.165005          6   1.081721
   259    59.244539          6   1.080268
   260    59.343380          6   1.078469
   261    59.359459          6   1.078177
   262    59.599384          6   1.073837
   263    59.678665          6   1.072410
   264    59.853041          6   1.069286
   265    59.937662          6   1.067776
   266    60.046852          6   1.065834
   267    60.169510          6   1.063662
   268    60.205666          6   1.063023
   269    60.426796          6   1.059133
   270    60.473677          6   1.058312
   271    60.643408          6   1.055350
   272    60.608976          6   1.055949
   273    60.800108          6   1.052630
   274    60.929722          6   1.050390
   275    60.983805          6   1.049459
   276    61.140837          6   1.046764
   277    61.300756          6   1.044033
   278    61.411903          6   1.042143
   279    61.471300          6   1.041136
   280    61.656591          6   1.038007
   281    61.678980          6   1.037631
   282    61.839188          6   1.034942
   283    61.995747          6   1.032329
   284    62.002571          6   1.032215
   285    62.159702          6   1.029606
   286    62.234035          6   1.028376
   287    62.415417          6   1.025388
   288    62.426025          6   1.025213
   289    62.576504          6   1.022748
   290    62.720974          6   1.020392
   291    62.887751          6   1.017686
   292    62.922461          6   1.017125
   293    62.971146          6   1.016339
   294    63.145796          6   1.013527
   295    63.241735          6   1.011990
   296    63.365898          6   1.010007
   297    63.467426          6   1.008391
   298    63.574120          6   1.006699
   299    63.563118          6   1.006873
   300    63.841188          6   1.002488
   301    63.932711          6   1.001053
   302    63.943132          6   1.000889
   303    64.037483          7   1.998829
   304    64.207714          7   1.993530
   305    64.360970          7   1.988783
   306    64.375942          7   1.988320
   307    64.496727          7   1.984597
   308    64.699463          7   1.978378
   309    64.736980          7   1.977232
   310    64.853611          7   1.973676
   311    64.950779          7   1.970723
   312    65.083584          7   1.966702
   313    65.171185          7   1.964058
   314    65.195980          7   1.963311
   315    65.443325          7   1.955891
   316    65.452705          7   1.955611
   317    65.597023          7   1.951308
   318    65.653957          7   1.949616
   319    65.738861          7   1.947098
   320    65.912544          7   1.941967
   321    65.981815          7   1.939928
   322    66.146172          7   1.935108
   323    66.204712          7   1.933397
   324    66.274200          7   1.931370
   325    66.404736          7   1.927573
   326    66.653389          7   1.920382
   327    66.549671          7   1.923375
   328    66.714462          7   1.918624
   329    66.912922          7   1.912934
   330    66.927670          7   1.912512
   331    67.002357          7   1.910381
   332    67.017788          7   1.909941
   333    67.222031          7   1.904138
   334    67.344334          7   1.900680
   335    67.421146          7   1.898514
   336    67.534027          7   1.895341
   337    67.614906          7   1.893074
   338    67.772461          7   1.888673
   339    67.838074          7   1.886846
   340    67.961048          7   1.883432
   341    68.113510          7   1.879216
   342    68.133606          7   1.878662
   343    68.300934          7   1.874059
   344    68.410809          7   1.871049
   345    68.454037          7   1.869868
   346    68.582630          7   1.866362
   347    68.632912          7   1.864994
   348    68.783760          7   1.860904
   349    68.809025          7   1.860221
   350    68.886417          7   1.858131
   351    69.043072          7   1.853915
   352    69.042015          7   1.853944
   353    69.272385          7   1.847778
   354    69.335007          7   1.846109
   355    69.432056          7   1.843529
   356    69.617733          7   1.838612
   357    69.771179          7   1.834568
   358    69.750412          7   1.835115
   359    69.816082          7   1.833388
   360    69.943600          7   1.830046
   361    70.031780          7   1.827742
   362    70.211071          7   1.823074
   363    70.216503          7   1.822933
   364    70.356041          7   1.819318
   365    70.429798          7   1.817413
   366    70.574280          7   1.813692
   367    70.616856          7   1.812598
   368    70.689190          7   1.810744
   369    70.747570          7   1.809249
   370    70.951645          7   1.804046
   371    71.051067          7   1.801521
   372    71.070095          7   1.801039
   373    71.167976          7   1.798562
   374    71.281128          7   1.795707
   375    71.359776          7   1.793728
   376    71.452259          7   1.791406
   377    71.560371          7   1.788699
   378    71.723457          7   1.784632
   379    71.707748          7   1.785023
   380    71.860302          7   1.781234
   381    71.991955          7   1.777976
   382    72.041134          7   1.776763
   383    72.222836          7   1.772293
   384    72.185490          7   1.773210
   385    72.410629          7   1.767696
   386    72.400860          7   1.767935
   387    72.541077          7   1.764518
   388    72.649345          7   1.761888
   389    72.689289          7   1.760920
   390    72.860203          7   1.756789
   391    73.067200          7   1.751812
   392    73.056110          7   1.752078
   393    73.085335          7   1.751377
   394    73.212257          7   1.748341
   395    73.217934          7   1.748206
   396    73.378078          7   1.744390
   397    73.483360          7   1.741891
   398    73.554054          7   1.740217
   399    73.704189          7   1.736672
   400    73.687630          7   1.737062
   401    73.828060          7   1.733758
   402    73.916458          7   1.731685
   403    74.033318          7   1.728951
   404    74.022671          7   1.729200
   405    74.278782          7   1.723238
   406    74.427467          7   1.719795
   407    74.404758          7   1.720320
   408    74.412598          7   1.720139
   409    74.520355          7   1.717652
   410    74.650684          7   1.714653
   411    74.742622          7   1.712544
   412    74.837868          7   1.710364
   413    74.938931          7   1.708057
   414    75.063953          7   1.705213
   415    75.166256          7   1.702892
   416    75.178810          7   1.702607
   417    75.335907          7   1.699057
   418    75.470032          7   1.696037
   419    75.470333          7   1.696031
   420    75.532490          7   1.694635
   421    75.588730          7   1.693374
   422    75.851395          7   1.687510
   423    75.807888          7   1.688479
   424    75.922714          7   1.685925
   425    75.987881          7   1.684479
   426    76.071556          7   1.682626
   427    76.219692          7   1.679356
   428    76.220356          7   1.679341
   429    76.337177          7   1.676771
   430    76.361042          7   1.676247
   431    76.630203          7   1.670360
   432    76.647118          7   1.669991
   433    76.686459          7   1.669134
   434    76.794098          7   1.666795
   435    77.003960          7   1.662252
   436    76.997299          7   1.662396
   437    77.037235          7   1.661534
   438    77.179821          7   1.658465
   439    77.209587          7   1.657825
   440    77.409466          7   1.653545
   441    77.529991          7   1.650974
   442    77.514717          7   1.651299
   443    77.592468          7   1.649645
   444    77.730480          7   1.646716
   445    77.821373          7   1.644792
   446    77.968357          7   1.641692
   447    78.041416          7   1.640155
   448    78.154373          7   1.637784
   449    78.153648          7   1.637799
   450    78.242752          7   1.635934
   451    78.286407          7   1.635022
   452    78.358276          7   1.633522
   453    78.556702          7   1.629396
   454    78.547413          7   1.629589
   455    78.651581          7   1.627431
   456    78.826149          7   1.623827
   457    78.830772          7   1.623731
   458    78.986835          7   1.620523
   459    79.090237          7   1.618405
   460    79.091999          7   1.618369
   461    79.178459          7   1.616601
   462    79.244781          7   1.615248
   463    79.464840          7   1.610775
   464    79.474934          7   1.610571
   465    79.632088          7   1.607392
   466    79.608421          7   1.607870
   467    79.646687          7   1.607098
   468    79.800316          7   1.604004
   469    80.062408          7   1.598753
   470    79.909607          7   1.601810
   471    80.048042          7   1.599040
   472    80.239815          7   1.595218
   473    80.263794          7   1.594741
   474    80.348976          7   1.593051
   475    80.326965          7   1.593487
   476    80.475624          7   1.590544
   477    80.595062          7   1.588187
   478    80.646164          7   1.587180
   479    80.804558          7   1.584069
   480    80.884312          7   1.582507
   481    80.981220          7   1.580613
   482    81.031273          7   1.579637
   483    81.118507          7   1.577938
   484    81.133289          7   1.577651
   485    81.261707          7   1.575158
   486    81.345036          7   1.573544
   487    81.378265          7   1.572902
   488    81.510509          7   1.570350
   489    81.491829          7   1.570710
   490    81.728775          7   1.566156
   491    81.770340          7   1.565360
   492    81.806087          7   1.564676
   493    81.909966          7   1.562691
   494    82.026112          7   1.560479
   495    82.087196          7   1.559317
   496    82.059013          7   1.559853
   497    82.281040          7   1.555644
   498    82.348099          7   1.554377
   499    82.421486          7   1.552993
   500    82.526905          7   1.551009
   501    82.529007          7   1.550970
   502    82.663273          7   1.548451
   503    82.719376          7   1.547400
   504    82.866993          7   1.544644
   505    82.908436          7   1.543872
   506    83.061176          7   1.541033
   507    83.143982          7   1.539498
   508    83.270840          7   1.537153
   509    83.241966          7   1.537686
   510    83.320862          7   1.536230
   511    83.450558          7   1.533842
   512    83.545460          7   1.532100
   513    83.642254          7   1.530327
   514    83.675713          7   1.529715
   515    83.623882          7   1.530663
   516    83.879597          7   1.525997
   517    83.822109          7   1.527043
   518    84.000114          7   1.523807
   519    84.140274          7   1.521269
   520    84.107822          7   1.521856
   521    84.169212          7   1.520746
   522    84.338371          7   1.517696
   523    84.424950          7   1.516139
   524    84.453617          7   1.515625
   525    84.653561          7   1.512045
   526    84.624962          7   1.512556
   527    84.652237          7   1.512069
   528    84.794617          7   1.509530
   529    84.980316          7   1.506231
   530    84.961060          7   1.506573
   531    85.071285          7   1.504621
   532    85.200554          7   1.502338
   533    85.227856          7   1.501856
   534    85.191151          7   1.502503
   535    85.449173          7   1.497967
   536    85.481583          7   1.497399
   537    85.506660          7   1.496959
   538    85.638878          7   1.494648
   539    85.816475          7   1.491555
   540    85.853321          7   1.490915
   541    85.818375          7   1.491522
   542    85.924656          7   1.489677
   543    86.197506          7   1.484962
   544    86.029423          7   1.487863
   545    86.113495          7   1.486410
   546    86.183220          7   1.485208
   547    86.276306          7   1.483605
   548    86.442062          7   1.480761
   549    86.593437          7   1.478172
   550    86.662624          7   1.476992
   551    86.627171          7   1.477596
   552    86.778294          7   1.475023
   553    86.858047          7   1.473669
   554    86.758003          7   1.475368
   555    87.048378          7   1.470447
   556    87.112606          7   1.469363
   557    87.148758          7   1.468753
   558    87.250469          7   1.467041
   559    87.296791          7   1.466262
   560    87.384624          7   1.464789
   561    87.527508          7   1.462397
   562    87.587208          7   1.461401
   563    87.654697          7   1.460275
   564    87.697819          7   1.459557
   565    87.717873          7   1.459224
   566    87.774380          7   1.458284
   567    88.019840          7   1.454218
   568    87.973480          7   1.454984
   569    88.029461          7   1.454059
   570    88.152962          7   1.452022
   571    88.238831          7   1.450609
   572    88.283649          7   1.449872
   573    88.293999          7   1.449702
   574    88.361755          7   1.448591
   575    88.524391          7   1.445929
   576    88.614906          7   1.444452
   577    88.703243          7   1.443014
   578    88.823204          7   1.441065
   579    88.838718          7   1.440813
   580    88.851299          7   1.440609
   581    88.995853          7   1.438269
   582    89.096981          7   1.436637
   583    89.113575          7   1.436369
   584    89.148804          7   1.435802
   585    89.329174          7   1.432903
   586    89.414608          7   1.431533
   587    89.404999          7   1.431687
   588    89.517895          7   1.429882
   589    89.578384          7   1.428916
   590    89.747124          7   1.426230
   591    89.672745          7   1.427413
   592    89.890388          7   1.423956
   593    89.846973          7   1.424645
   594    90.032780          7   1.421704
   595    90.081467          7   1.420936
   596    90.113503          7   1.420431
   597    90.208843          7   1.418930
   598    90.338524          7   1.416893
   599    90.382980          7   1.416196
   600    90.386448          7   1.416142
   601    90.497742          7   1.414400
   602    90.611576          7   1.412623
   603    90.714462          7   1.411021
   604    90.677349          7   1.411598
   605    90.690605          7   1.411392
   606    90.789848          7   1.409849
   607    90.970997          7   1.407042
   608    91.050671          7   1.405811
   609    91.103535          7   1.404995
   610    91.248482          7   1.402763
   611    91.355690          7   1.401117
   612    91.423042          7   1.400085
   613    91.505188          7   1.398828
   614    91.404438          7   1.400370
   615    91.638111          7   1.396799
   616    91.715500          7   1.395620
   617    91.752491          7   1.395057
   618    91.732010          7   1.395369
   619    91.767654          7   1.394827
   620    91.945221          7   1.392133
   621    92.055676          7   1.390463
   622    91.960003          7   1.391909
   623    92.171921          7   1.388709
   624    92.320980          7   1.386467
   625    92.442909          7   1.384638
   626    92.434151          7   1.384770
   627    92.489807          7   1.383936
   628    92.598778          7   1.382308
   629    92.613228          7   1.382092
   630    92.618122          7   1.382019
   631    92.735943          7   1.380263
   632    92.917747          7   1.377562
   633    92.930531          7   1.377373
   634    92.938496          7   1.377255
   635    93.003075          7   1.376299
   636    93.157127          7   1.374023
   637    93.127529          7   1.374459
   638    93.351738          7   1.371158
   639    93.287899          7   1.372097
   640    93.345196          7   1.371254
   641    93.514626          7   1.368770
   642    93.502048          7   1.368954
   643    93.674465          7   1.366434
   644    93.771259          7   1.365024
   645    93.851570          7   1.363856
   646    93.806221          7   1.364515
   647    93.948780          7   1.362445
   648    93.942490          7   1.362536
   649    94.181805          7   1.359074
   650    94.180031          7   1.359099
   651    94.194592          7   1.358889
   652    94.356518          7   1.356557
   653    94.395363          7   1.355999
   654    94.526588          7   1.354116
   655    94.617947          7   1.352809
   656    94.568409          7   1.353518
   657    94.566452          7   1.353546
   658    94.718918          7   1.351367
   659    94.803062          7   1.350167
   660    94.909515          7   1.348653
   661    94.827335          7   1.349822
   662    94.922115          7   1.348474
   663    95.075546          7   1.346298
   664    95.048145          7   1.346686
   665    95.250698          7   1.343822
   666    95.440151          7   1.341155
   667    95.304394          7   1.343065
   668    95.482353          7   1.340562
   669    95.552078          7   1.339584
   670    95.577663          7   1.339225
   671    95.572590          7   1.339296
   672    95.629574          7   1.338498
   673    95.846519          7   1.335468
   674    95.912834          7   1.334545
   675    96.009296          7   1.333204
   676    96.074215          7   1.332303
   677    96.094601          7   1.332021
   678    96.230637          7   1.330138
   679    96.234436          7   1.330085
   680    96.272194          7   1.329564
   681    96.248459          7   1.329891
   682    96.446728          7   1.327158
   683    96.538811          7   1.325892
   684    96.652344          7   1.324334
   685    96.548748          7   1.325755
   686    96.627918          7   1.324669
   687    96.892296          7   1.321054
   688    96.720478          7   1.323401
   689    96.930965          7   1.320527
   690    97.017479          7   1.319350
   691    97.114681          7   1.318029
   692    97.204323          7   1.316814
   693    97.206779          7   1.316781
   694    97.294193          7   1.315598
   695    97.411823          7   1.314009
   696    97.360916          7   1.314696
   697    97.447914          7   1.313522
   698    97.626495          7   1.311119
   699    97.683781          7   1.310351
   700    97.764214          7   1.309273
   701    97.894985          7   1.307524
   702    97.828571          7   1.308411
   703    97.865238          7   1.307921
   704    98.007767          7   1.306019
   705    98.008076          7   1.306015
   706    98.026421          7   1.305770
   707    98.261944          7   1.302641
   708    98.210659          7   1.303321
   709    98.226158          7   1.303115
   710    98.395180          7   1.300877
   711    98.497578          7   1.299524
   712    98.583267          7   1.298395
   713    98.632423          7   1.297748
   714    98.646362          7   1.297564
   715    98.737869          7   1.296362
   716    98.898926          7   1.294251
   717    98.888386          7   1.294389
   718    98.988880          7   1.293075
   719    98.975498          7   1.293249
   720    99.163029          7   1.290804
   721    99.170338          7   1.290709
   722    99.397720          7   1.287756
   723    99.185696          7   1.290509
   724    99.417633          7   1.287498
   725    99.402088          7   1.287699
   726    99.533218          7   1.286003
   727    99.668293          7   1.284260
   728    99.632622          7   1.284720
   729    99.765331          7   1.283011
   730    99.760921          7   1.283068
   731    99.827713          7   1.282209
   732    99.931332          7   1.280880
   733    99.843002          7   1.282013
   734   100.166912          7   1.277867
   735   100.324184          7   1.275864
   736   100.092564          7   1.278816
   737   100.301399          7   1.276154
   738   100.399590          7   1.274906
   739   100.428955          7   1.274533
   740   100.437096          7   1.274430
   741   100.608536          7   1.272258
   742   100.591942          7   1.272468
   743   100.644600          7   1.271802
   744   100.639420          7   1.271867
   745   100.797825          7   1.269869
   746   100.841976          7   1.269313
   747   101.012596          7   1.267169
   748   100.922581          7   1.268299
   749   100.950504          7   1.267948
   750   101.058647          7   1.266591
   751   101.121635          7   1.265802
   752   101.274761          7   1.263888
   753   101.382580          7   1.262544
   754   101.535378          7   1.260644
   755   101.461689          7   1.261560
   756   101.613728          7   1.259672
   757   101.762688          7   1.257828
   758   101.701283          7   1.258588
   759   101.840260          7   1.256870
   760   101.739777          7   1.258112
   761   101.781734          7   1.257593
   762   102.033447          7   1.254491
   763   101.952065          7   1.255492
   764   102.120247          7   1.253424
   765   102.120934          7   1.253416
   766   102.204151          7   1.252395
   767   102.279095          7   1.251478
   768   102.467094          7   1.249182
   769   102.510445          7   1.248653
   770   102.550354          7   1.248167
   771   102.537254          7   1.248327
   772   102.644287          7   1.247025
   773   102.751900          7   1.245719
   774   102.684616          7   1.246535
   775   102.900486          7   1.243920
   776   102.833900          7   1.244726
   777   102.989693          7   1.242843
   778   103.138092          7   1.241055
   779   103.142067          7   1.241007
   780   103.274971          7   1.239410
   781   103.304806          7   1.239052
   782   103.376297          7   1.238195
   783   103.238342          7   1.239849
   784   103.502441          7   1.236686
   785   103.451828          7   1.237291
   786   103.539639          7   1.236242
   787   103.585590          7   1.235693
   788   103.826584          7   1.232825
   789   103.830887          7   1.232774
   790   103.832664          7   1.232753
   791   103.967152          7   1.231158
   792   104.014576          7   1.230597
   793   103.963520          7   1.231201
   794   104.159363          7   1.228886
   795   104.220581          7   1.228164
   796   104.228279          7   1.228074
   797   104.327084          7   1.226911
   798   104.364571          7   1.226470
   799   104.410561          7   1.225930
   800   104.516785          7   1.224684
   801   104.531788          7   1.224508
   802   104.624657          7   1.223421
   803   104.659431          7   1.223014
   804   104.728199          7   1.222211
   805   104.856789          7   1.220713
   806   104.761784          7   1.221820
   807   104.870117          7   1.220557
   808   104.910511          7   1.220087
   809   105.089603          7   1.218008
   810   105.218925          7   1.216511
   811   105.286278          7   1.215733
   812   105.332115          7   1.215204
   813   105.291317          7   1.215675
   814   105.444736          7   1.213906
   815   105.405342          7   1.214360
   816   105.542591          7   1.212781
   817   105.686440          7   1.211130
   818   105.751682          7   1.210383
   819   105.642986          7   1.211628
   820   105.771267          7   1.210159
   821   105.856926          7   1.209179
   822   105.931046          7   1.208333
   823   105.888741          7   1.208816
   824   106.060616          7   1.206857
   825   106.248955          7   1.204718
   826   106.068035          7   1.206773
   827   106.207668          7   1.205186
   828   106.361996          7   1.203437
   829   106.378822          7   1.203247
   830   106.443573          7   1.202515
   831   106.537388          7   1.201456
   832   106.487335          7   1.202021
   833   106.672298          7   1.199937
   834   106.780685          7   1.198719
   835   106.797520          7   1.198530
   836   106.810070          7   1.198389
   837   106.850105          7   1.197940
   838   107.018784          7   1.196052
   839   107.044563          7   1.195764
   840   106.979126          7   1.196495
   841   107.095787          7   1.195192
   842   107.210320          7   1.193915
   843   107.263008          7   1.193328
   844   107.307972          7   1.192828
   845   107.461990          7   1.191119
   846   107.451088          7   1.191240
   847   107.568348          7   1.189941
   848   107.552979          7   1.190111
   849   107.621346          7   1.189355
   850   107.788971          7   1.187506
   851   107.600937          7   1.189581
   852   107.793110          7   1.187460
   853   107.915123          7   1.186117
   854   108.027161          7   1.184887
   855   107.985909          7   1.185340
   856   108.114067          7   1.183935
   857   108.212353          7   1.182859
   858   108.272057          7   1.182207
   859   108.234879          7   1.182613
   860   108.311577          7   1.181776
   861   108.299847          7   1.181904
   862   108.550529          7   1.179174
   863   108.515503          7   1.179555
   864   108.612457          7   1.178502
   865   108.613804          7   1.178487
   866   108.768150          7   1.176815
   867   108.699039          7   1.177563
   868   108.887825          7   1.175522
   869   108.855179          7   1.175874
   870   108.920357          7   1.175171
   871   109.061596          7   1.173649
   872   109.119827          7   1.173022
   873   109.215454          7   1.171995
   874   109.398575          7   1.170034
   875   109.364555          7   1.170397
   876   109.342670          7   1.170632
   877   109.400768          7   1.170010
   878   109.613968          7   1.167734
   879   109.577164          7   1.168127
   880   109.458839          7   1.169389
   881   109.592617          7   1.167962
   882   109.515011          7   1.168790
   883   109.884644          7   1.164858
   884   109.769066          7   1.166084
   885   109.884018          7   1.164865
   886   110.065392          7   1.162945
   887   110.109612          7   1.162478
   888   110.026093          7   1.163360
   889   110.132938          7   1.162232
   890   110.267948          7   1.160809
   891   110.255684          7   1.160938
   892   110.348450          7   1.159962
   893   110.444920          7   1.158949
   894   110.526852          7   1.158090
   895   110.565327          7   1.157687
   896   110.749165          7   1.155765
   897   110.713310          7   1.156139
   898   110.661140          7   1.156684
   899   110.869785          7   1.154508
   900   110.946743          7   1.153707
   901   110.860851          7   1.154601
   902   110.883347          7   1.154366
   903   111.168324          7   1.151407
   904   111.133453          7   1.151768
   905   111.128906          7   1.151816
   906   111.211960          7   1.150955
   907   111.259964          7   1.150459
   908   111.368713          7   1.149335
   909   111.450169          7   1.148495
   910   111.504593          7   1.147935
   911   111.735939          7   1.145558
   912   111.567608          7   1.147286
   913   111.554745          7   1.147419
   914   111.600079          7   1.146953
   915   111.716305          7   1.145759
   916   111.753677          7   1.145376
   917   112.044037          7   1.142408
   918   111.969833          7   1.143165
   919   112.166088          7   1.141165
   920   112.165833          7   1.141167
   921   112.148590          7   1.141343
   922   112.127331          7   1.141559
   923   112.403252          7   1.138757
   924   112.239338          7   1.140420
   925   112.441601          7   1.138369
   926   112.360073          7   1.139195
   927   112.459694          7   1.138186
   928   112.493839          7   1.137840
   929   112.659454          7   1.136167
   930   112.641499          7   1.136349
   931   112.715172          7   1.135606
   932   112.669113          7   1.136070
   933   113.084290          7   1.131899
   934   112.969318          7   1.133051
   935   112.864895          7   1.134099
   936   112.993984          7   1.132804
   937   113.013351          7   1.132610
   938   112.981804          7   1.132926
   939   113.226986          7   1.130473
   940   113.325916          7   1.129486
   941   113.416874          7   1.128580
   942   113.439564          7   1.128354
   943   113.550201          7   1.127255
   944   113.445946          7   1.128291
   945   113.558262          7   1.127175
   946   113.839401          7   1.124391
   947   113.846291          7   1.124323
   948   113.743385          7   1.125340
   949   113.791786          7   1.124862
   950   113.850124          7   1.124285
   951   113.969929          7   1.123103
   952   113.917370          7   1.123621
   953   114.038662          7   1.122426
   954   113.955376          7   1.123247
   955   114.244682          7   1.120402
   956   114.318764          7   1.119676
   957   114.364265          7   1.119231
   958   114.472794          7   1.118170
   959   114.361687          7   1.119256
   960   114.423210          7   1.118654
   961   114.492046          7   1.117982
   962   114.763832          7   1.115334
   963   114.709000          7   1.115867
   964   114.774529          7   1.115230
   965   114.955643          7   1.113473
   966   114.882164          7   1.114185
   967   114.884647          7   1.114161
   968   114.916107          7   1.113856
   969   115.062683          7   1.112437
   970   114.989796          7   1.113142
   971   115.099041          7   1.112086
   972   115.215580          7   1.110961
   973   115.161949          7   1.111478
   974   115.597984          7   1.107286
   975   115.596611          7   1.107299
   976   115.366890          7   1.109504
   977   115.367424          7   1.109499
   978   115.629890          7   1.106980
   979   115.718224          7   1.106135
   980   115.752953          7   1.105803
   981   115.752693          7   1.105806
   982   115.967083          7   1.103761
   983   115.773975          7   1.105603
   984   115.903954          7   1.104363
   985   116.094181          7   1.102553
   986   116.091938          7   1.102574
   987   116.207428          7   1.101479
   988   116.132687          7   1.102188
   989   116.223610          7   1.101325
   990   116.125946          7   1.102252
   991   116.475048          7   1.098948
   992   116.448444          7   1.099199
   993   116.482449          7   1.098878
   994   116.632923          7   1.097460
   995   116.266281          7   1.100921
   996   116.547760          7   1.098262
   997   116.597576          7   1.097793
   998   116.644585          7   1.097351
   999   116.832726          7   1.095583
  1000   116.924835          7   1.094720
  1001   116.857117          7   1.095355
  1002   117.010742          7   1.093917
  1003   117.025616          7   1.093778
  1004   116.996353          7   1.094051
  1005   117.125164          7   1.092848
  1006   117.188656          7   1.092256
  1007   117.354073          7   1.090716
  1008   117.394531          7   1.090340
  1009   117.298828          7   1.091230
  1010   117.510113          7   1.089268
  1011   117.505432          7   1.089311
  1012   117.543522          7   1.088958
  1013   117.556229          7   1.088841
  1014   117.570930          7   1.088704
  1015   117.664246          7   1.087841
  1016   117.721519          7   1.087312
  1017   118.008377          7   1.084669
  1018   117.830124          7   1.086310
  1019   117.868439          7   1.085957
  1020   118.211285          7   1.082807
  1021   118.083466          7   1.083979
  1022   118.175014          7   1.083139
  1023   118.136398          7   1.083493
  1024   118.171284          7   1.083173
